./good1/good92.jpg 4 139 276 32 444 434 272 28 448 731 291 26 429 1018 293 28 358
./good1/good113.jpg 3 139 276 32 444 434 272 28 448 731 291 26 429
./good1/good205.jpg 4 139 276 32 444 434 272 28 448 731 291 26 429 1018 293 28 358
./good1/good215.jpg 4 139 276 32 444 434 272 28 448 731 291 26 429 1018 293 28 358
./good1/good230.jpg 4 139 276 32 444 434 272 28 448 731 291 26 429 1018 293 28 358
./good1/good84.jpg 4 139 276 32 444 434 272 28 448 731 291 26 429 1018 293 28 358
./good1/good201.jpg 4 139 276 32 444 434 272 28 448 731 291 26 429 1018 293 28 358
./good1/good282.jpg 4 139 276 32 444 434 272 28 448 731 291 26 429 1018 293 28 358
./good1/good271.jpg 4 139 276 32 444 434 272 28 448 731 291 26 429 1018 293 28 358
./good1/good86.jpg 4 139 276 32 444 434 272 28 448 731 291 26 429 1018 293 28 358
./good1/good234.jpg 4 139 276 32 444 434 272 28 448 731 291 26 429 1018 293 28 358
./good1/good64.jpg 4 139 276 32 444 434 272 28 448 731 291 26 429 1018 293 28 358
./good1/good56.jpg 4 139 276 32 444 434 272 28 448 731 291 26 429 1018 293 28 358
./good1/good37.jpg 4 139 276 32 444 434 272 28 448 731 291 26 429 1018 293 28 358
./good1/good286.jpg 4 139 276 32 444 434 272 28 448 731 291 26 429 1018 293 28 358
./good1/good238.jpg 4 139 276 32 444 434 272 28 448 731 291 26 429 1018 293 28 358
./good1/good235.jpg 4 139 276 32 444 434 272 28 448 731 291 26 429 1018 293 28 358
./good1/good222.jpg 4 139 276 32 444 434 272 28 448 731 291 26 429 1018 293 28 358
./good1/good229.jpg 4 139 276 32 444 434 272 28 448 731 291 26 429 1018 293 28 358
./good1/good5.jpg 4 139 276 32 444 434 272 28 448 731 291 26 429 1018 293 28 358
./good1/good31.jpg 4 139 276 32 444 434 272 28 448 731 291 26 429 1018 293 28 358
./good1/good97.jpg 4 139 276 32 444 434 272 28 448 731 291 26 429 1018 293 28 358
./good1/good21.jpg 4 139 276 32 444 434 272 28 448 731 291 26 429 1018 293 28 358
./good1/good154.jpg 4 139 276 32 444 434 272 28 448 731 291 26 429 1018 293 28 358
./good1/good168.jpg 4 139 276 32 444 434 272 28 448 731 291 26 429 1018 293 28 358
./good1/good187.jpg 4 139 276 32 444 434 272 28 448 731 291 26 429 1018 293 28 358
./good1/good246.jpg 4 139 276 32 444 434 272 28 448 731 291 26 429 1018 293 28 358
./good1/good54.jpg 4 139 276 32 444 434 272 28 448 731 291 26 429 1018 293 28 358
./good1/good130.jpg 4 139 276 32 444 434 272 28 448 731 291 26 429 1018 293 28 358
./good1/good132.jpg 4 139 276 32 444 434 272 28 448 731 291 26 429 1018 293 28 358
./good1/good115.jpg 3 139 276 32 444 434 272 28 448 1018 293 28 358
./good1/good107.jpg 4 139 276 32 444 434 272 28 448 731 291 26 429 1018 293 28 358
./good1/good70.jpg 4 139 276 32 444 434 272 28 448 731 291 26 429 1018 293 28 358
./good1/good210.jpg 4 139 276 32 444 434 272 28 448 731 291 26 429 1018 293 28 358
./good1/good109.jpg 4 139 276 32 444 434 272 28 448 731 291 26 429 1018 293 28 358
./good1/good48.jpg 4 139 276 32 444 434 272 28 448 731 291 26 429 1018 293 28 358
./good1/good120.jpg 2 139 276 32 444 434 272 28 448
./good1/good88.jpg 4 139 276 32 444 434 272 28 448 731 291 26 429 1018 293 28 358
./good1/good50.jpg 4 139 276 32 444 434 272 28 448 731 291 26 429 1018 293 28 358
./good1/good184.jpg 4 139 276 32 444 434 272 28 448 731 291 26 429 1018 293 28 358
./good1/good155.jpg 4 139 276 32 444 434 272 28 448 731 291 26 429 1018 293 28 358
./good1/good185.jpg 4 139 276 32 444 434 272 28 448 731 291 26 429 1018 293 28 358
./good1/good43.jpg 4 139 276 32 444 434 272 28 448 731 291 26 429 1018 293 28 358
./good1/good42.jpg 4 139 276 32 444 434 272 28 448 731 291 26 429 1018 293 28 358
./good1/good138.jpg 4 139 276 32 444 434 272 28 448 731 291 26 429 1018 293 28 358
./good1/good148.jpg 4 139 276 32 444 434 272 28 448 731 291 26 429 1018 293 28 358
./good1/good74.jpg 4 139 276 32 444 434 272 28 448 731 291 26 429 1018 293 28 358
./good1/good165.jpg 4 139 276 32 444 434 272 28 448 731 291 26 429 1018 293 28 358
./good1/good260.jpg 4 139 276 32 444 434 272 28 448 731 291 26 429 1018 293 28 358
./good1/good197.jpg 4 139 276 32 444 434 272 28 448 731 291 26 429 1018 293 28 358
./good1/good249.jpg 4 139 276 32 444 434 272 28 448 731 291 26 429 1018 293 28 358
./good1/good180.jpg 4 139 276 32 444 434 272 28 448 731 291 26 429 1018 293 28 358
./good1/good269.jpg 4 139 276 32 444 434 272 28 448 731 291 26 429 1018 293 28 358
./good1/good2.jpg 4 139 276 32 444 434 272 28 448 731 291 26 429 1018 293 28 358
./good1/good213.jpg 4 139 276 32 444 434 272 28 448 731 291 26 429 1018 293 28 358
./good1/good279.jpg 4 139 276 32 444 434 272 28 448 731 291 26 429 1018 293 28 358
./good1/good29.jpg 4 139 276 32 444 434 272 28 448 731 291 26 429 1018 293 28 358
./good1/good152.jpg 4 139 276 32 444 434 272 28 448 731 291 26 429 1018 293 28 358
./good1/good276.jpg 4 139 276 32 444 434 272 28 448 731 291 26 429 1018 293 28 358
./good1/good243.jpg 4 139 276 32 444 434 272 28 448 731 291 26 429 1018 293 28 358
./good1/good0.jpg 4 139 276 32 444 434 272 28 448 731 291 26 429 1018 293 28 358
./good1/good233.jpg 4 139 276 32 444 434 272 28 448 731 291 26 429 1018 293 28 358
./good1/good114.jpg 3 139 276 32 444 434 272 28 448 731 291 26 429
./good1/good258.jpg 4 139 276 32 444 434 272 28 448 731 291 26 429 1018 293 28 358
./good1/good275.jpg 4 139 276 32 444 434 272 28 448 731 291 26 429 1018 293 28 358
./good1/good104.jpg 4 139 276 32 444 434 272 28 448 731 291 26 429 1018 293 28 358
./good1/good98.jpg 4 139 276 32 444 434 272 28 448 731 291 26 429 1018 293 28 358
./good1/good281.jpg 4 139 276 32 444 434 272 28 448 731 291 26 429 1018 293 28 358
./good1/good73.jpg 4 139 276 32 444 434 272 28 448 731 291 26 429 1018 293 28 358
./good1/good245.jpg 4 139 276 32 444 434 272 28 448 731 291 26 429 1018 293 28 358
./good1/good220.jpg 4 139 276 32 444 434 272 28 448 731 291 26 429 1018 293 28 358
./good1/good66.jpg 4 139 276 32 444 434 272 28 448 731 291 26 429 1018 293 28 358
./good1/good289.jpg 4 139 276 32 444 434 272 28 448 731 291 26 429 1018 293 28 358
./good1/good259.jpg 4 139 276 32 444 434 272 28 448 731 291 26 429 1018 293 28 358
./good1/good60.jpg 4 139 276 32 444 434 272 28 448 731 291 26 429 1018 293 28 358
./good1/good183.jpg 4 139 276 32 444 434 272 28 448 731 291 26 429 1018 293 28 358
./good1/good143.jpg 4 139 276 32 444 434 272 28 448 731 291 26 429 1018 293 28 358
./good1/good135.jpg 4 139 276 32 444 434 272 28 448 731 291 26 429 1018 293 28 358
./good1/good134.jpg 4 139 276 32 444 434 272 28 448 731 291 26 429 1018 293 28 358
./good1/good288.jpg 4 139 276 32 444 434 272 28 448 731 291 26 429 1018 293 28 358
./good1/good150.jpg 4 139 276 32 444 434 272 28 448 731 291 26 429 1018 293 28 358
./good1/good125.jpg 3 434 272 28 448 731 291 26 429 1018 293 28 358
./good1/good193.jpg 4 139 276 32 444 434 272 28 448 731 291 26 429 1018 293 28 358
./good1/good206.jpg 4 139 276 32 444 434 272 28 448 731 291 26 429 1018 293 28 358
./good1/good15.jpg 4 139 276 32 444 434 272 28 448 731 291 26 429 1018 293 28 358
./good1/good75.jpg 4 139 276 32 444 434 272 28 448 731 291 26 429 1018 293 28 358
./good1/good214.jpg 4 139 276 32 444 434 272 28 448 731 291 26 429 1018 293 28 358
./good1/good110.jpg 4 139 276 32 444 434 272 28 448 731 291 26 429 1018 293 28 358
./good1/good145.jpg 4 139 276 32 444 434 272 28 448 731 291 26 429 1018 293 28 358
./good1/good272.jpg 4 139 276 32 444 434 272 28 448 731 291 26 429 1018 293 28 358
./good1/good161.jpg 4 139 276 32 444 434 272 28 448 731 291 26 429 1018 293 28 358
./good1/good151.jpg 4 139 276 32 444 434 272 28 448 731 291 26 429 1018 293 28 358
./good1/good45.jpg 4 139 276 32 444 434 272 28 448 731 291 26 429 1018 293 28 358
./good1/good61.jpg 4 139 276 32 444 434 272 28 448 731 291 26 429 1018 293 28 358
./good1/good72.jpg 4 139 276 32 444 434 272 28 448 731 291 26 429 1018 293 28 358
./good1/good262.jpg 4 139 276 32 444 434 272 28 448 731 291 26 429 1018 293 28 358
./good1/good77.jpg 4 139 276 32 444 434 272 28 448 731 291 26 429 1018 293 28 358
./good1/good287.jpg 4 139 276 32 444 434 272 28 448 731 291 26 429 1018 293 28 358
./good1/good112.jpg 4 139 276 32 444 434 272 28 448 731 291 26 429 1018 293 28 358
./good1/good295.jpg 4 139 276 32 444 434 272 28 448 731 291 26 429 1018 293 28 358
./good1/good265.jpg 4 139 276 32 444 434 272 28 448 731 291 26 429 1018 293 28 358
./good1/good217.jpg 4 139 276 32 444 434 272 28 448 731 291 26 429 1018 293 28 358
./good1/good186.jpg 4 139 276 32 444 434 272 28 448 731 291 26 429 1018 293 28 358
./good1/good40.jpg 4 139 276 32 444 434 272 28 448 731 291 26 429 1018 293 28 358
./good1/good41.jpg 4 139 276 32 444 434 272 28 448 731 291 26 429 1018 293 28 358
./good1/good58.jpg 4 139 276 32 444 434 272 28 448 731 291 26 429 1018 293 28 358
./good1/good227.jpg 4 139 276 32 444 434 272 28 448 731 291 26 429 1018 293 28 358
./good1/good261.jpg 4 139 276 32 444 434 272 28 448 731 291 26 429 1018 293 28 358
./good1/good181.jpg 4 139 276 32 444 434 272 28 448 731 291 26 429 1018 293 28 358
./good1/good166.jpg 4 139 276 32 444 434 272 28 448 731 291 26 429 1018 293 28 358
./good1/good218.jpg 4 139 276 32 444 434 272 28 448 731 291 26 429 1018 293 28 358
./good1/good93.jpg 4 139 276 32 444 434 272 28 448 731 291 26 429 1018 293 28 358
./good1/good26.jpg 4 139 276 32 444 434 272 28 448 731 291 26 429 1018 293 28 358
./good1/good188.jpg 4 139 276 32 444 434 272 28 448 731 291 26 429 1018 293 28 358
./good1/good250.jpg 4 139 276 32 444 434 272 28 448 731 291 26 429 1018 293 28 358
./good1/good285.jpg 4 139 276 32 444 434 272 28 448 731 291 26 429 1018 293 28 358
./good1/good157.jpg 4 139 276 32 444 434 272 28 448 731 291 26 429 1018 293 28 358
./good1/good129.jpg 4 139 276 32 444 434 272 28 448 731 291 26 429 1018 293 28 358
./good1/good136.jpg 4 139 276 32 444 434 272 28 448 731 291 26 429 1018 293 28 358
./good1/good195.jpg 4 139 276 32 444 434 272 28 448 731 291 26 429 1018 293 28 358
./good1/good9.jpg 4 139 276 32 444 434 272 28 448 731 291 26 429 1018 293 28 358
./good1/good176.jpg 4 139 276 32 444 434 272 28 448 731 291 26 429 1018 293 28 358
./good1/good118.jpg 2 434 272 28 448 731 291 26 429
./good1/good127.jpg 4 139 276 32 444 434 272 28 448 731 291 26 429 1018 293 28 358
./good1/good147.jpg 4 139 276 32 444 434 272 28 448 731 291 26 429 1018 293 28 358
./good1/good170.jpg 4 139 276 32 444 434 272 28 448 731 291 26 429 1018 293 28 358
./good1/good212.jpg 4 139 276 32 444 434 272 28 448 731 291 26 429 1018 293 28 358
./good1/good23.jpg 4 139 276 32 444 434 272 28 448 731 291 26 429 1018 293 28 358
./good1/good94.jpg 4 139 276 32 444 434 272 28 448 731 291 26 429 1018 293 28 358
./good1/good167.jpg 4 139 276 32 444 434 272 28 448 731 291 26 429 1018 293 28 358
./good1/good27.jpg 4 139 276 32 444 434 272 28 448 731 291 26 429 1018 293 28 358
./good1/good121.jpg 3 139 276 32 444 434 272 28 448 1018 293 28 358
./good1/good116.jpg 3 139 276 32 444 731 291 26 429 1018 293 28 358
./good1/good290.jpg 4 139 276 32 444 434 272 28 448 731 291 26 429 1018 293 28 358
./good1/good128.jpg 4 139 276 32 444 434 272 28 448 731 291 26 429 1018 293 28 358
./good1/good158.jpg 4 139 276 32 444 434 272 28 448 731 291 26 429 1018 293 28 358
./good1/good164.jpg 4 139 276 32 444 434 272 28 448 731 291 26 429 1018 293 28 358
./good1/good211.jpg 4 139 276 32 444 434 272 28 448 731 291 26 429 1018 293 28 358
./good1/good294.jpg 4 139 276 32 444 434 272 28 448 731 291 26 429 1018 293 28 358
./good1/good35.jpg 4 139 276 32 444 434 272 28 448 731 291 26 429 1018 293 28 358
./good1/good156.jpg 4 139 276 32 444 434 272 28 448 731 291 26 429 1018 293 28 358
./good1/good7.jpg 4 139 276 32 444 434 272 28 448 731 291 26 429 1018 293 28 358
./good1/good95.jpg 4 139 276 32 444 434 272 28 448 731 291 26 429 1018 293 28 358
./good1/good291.jpg 4 139 276 32 444 434 272 28 448 731 291 26 429 1018 293 28 358
./good1/good13.jpg 4 139 276 32 444 434 272 28 448 731 291 26 429 1018 293 28 358
./good1/good101.jpg 4 139 276 32 444 434 272 28 448 731 291 26 429 1018 293 28 358
./good1/good90.jpg 4 139 276 32 444 434 272 28 448 731 291 26 429 1018 293 28 358
./good1/good140.jpg 4 139 276 32 444 434 272 28 448 731 291 26 429 1018 293 28 358
./good1/good46.jpg 4 139 276 32 444 434 272 28 448 731 291 26 429 1018 293 28 358
./good1/good149.jpg 4 139 276 32 444 434 272 28 448 731 291 26 429 1018 293 28 358
./good1/good55.jpg 4 139 276 32 444 434 272 28 448 731 291 26 429 1018 293 28 358
./good1/good252.jpg 4 139 276 32 444 434 272 28 448 731 291 26 429 1018 293 28 358
./good1/good144.jpg 4 139 276 32 444 434 272 28 448 731 291 26 429 1018 293 28 358
./good1/good231.jpg 4 139 276 32 444 434 272 28 448 731 291 26 429 1018 293 28 358
./good1/good200.jpg 4 139 276 32 444 434 272 28 448 731 291 26 429 1018 293 28 358
./good1/good196.jpg 4 139 276 32 444 434 272 28 448 731 291 26 429 1018 293 28 358
./good1/good3.jpg 4 139 276 32 444 434 272 28 448 731 291 26 429 1018 293 28 358
./good1/good207.jpg 4 139 276 32 444 434 272 28 448 731 291 26 429 1018 293 28 358
./good1/good225.jpg 4 139 276 32 444 434 272 28 448 731 291 26 429 1018 293 28 358
./good1/good100.jpg 4 139 276 32 444 434 272 28 448 731 291 26 429 1018 293 28 358
./good1/good232.jpg 4 139 276 32 444 434 272 28 448 731 291 26 429 1018 293 28 358
./good1/good57.jpg 4 139 276 32 444 434 272 28 448 731 291 26 429 1018 293 28 358
./good1/good257.jpg 4 139 276 32 444 434 272 28 448 731 291 26 429 1018 293 28 358
./good1/good204.jpg 4 139 276 32 444 434 272 28 448 731 291 26 429 1018 293 28 358
./good1/good38.jpg 4 139 276 32 444 434 272 28 448 731 291 26 429 1018 293 28 358
./good1/good202.jpg 4 139 276 32 444 434 272 28 448 731 291 26 429 1018 293 28 358
./good1/good102.jpg 4 139 276 32 444 434 272 28 448 731 291 26 429 1018 293 28 358
./good1/good240.jpg 4 139 276 32 444 434 272 28 448 731 291 26 429 1018 293 28 358
./good1/good24.jpg 4 139 276 32 444 434 272 28 448 731 291 26 429 1018 293 28 358
./good1/good49.jpg 4 139 276 32 444 434 272 28 448 731 291 26 429 1018 293 28 358
./good1/good209.jpg 4 139 276 32 444 434 272 28 448 731 291 26 429 1018 293 28 358
./good1/good69.jpg 4 139 276 32 444 434 272 28 448 731 291 26 429 1018 293 28 358
./good1/good169.jpg 4 139 276 32 444 434 272 28 448 731 291 26 429 1018 293 28 358
./good1/good8.jpg 4 139 276 32 444 434 272 28 448 731 291 26 429 1018 293 28 358
./good1/good251.jpg 4 139 276 32 444 434 272 28 448 731 291 26 429 1018 293 28 358
./good1/good267.jpg 4 139 276 32 444 434 272 28 448 731 291 26 429 1018 293 28 358
./good1/good124.jpg 2 731 291 26 429 1018 293 28 358
./good1/good76.jpg 4 139 276 32 444 434 272 28 448 731 291 26 429 1018 293 28 358
./good1/good22.jpg 4 139 276 32 444 434 272 28 448 731 291 26 429 1018 293 28 358
./good1/good237.jpg 4 139 276 32 444 434 272 28 448 731 291 26 429 1018 293 28 358
./good1/good190.jpg 4 139 276 32 444 434 272 28 448 731 291 26 429 1018 293 28 358
./good1/good221.jpg 4 139 276 32 444 434 272 28 448 731 291 26 429 1018 293 28 358
./good1/good34.jpg 4 139 276 32 444 434 272 28 448 731 291 26 429 1018 293 28 358
./good1/good6.jpg 4 139 276 32 444 434 272 28 448 731 291 26 429 1018 293 28 358
./good1/good177.jpg 4 139 276 32 444 434 272 28 448 731 291 26 429 1018 293 28 358
./good1/good244.jpg 4 139 276 32 444 434 272 28 448 731 291 26 429 1018 293 28 358
./good1/good247.jpg 4 139 276 32 444 434 272 28 448 731 291 26 429 1018 293 28 358
./good1/good203.jpg 4 139 276 32 444 434 272 28 448 731 291 26 429 1018 293 28 358
./good1/good16.jpg 4 139 276 32 444 434 272 28 448 731 291 26 429 1018 293 28 358
./good1/good284.jpg 4 139 276 32 444 434 272 28 448 731 291 26 429 1018 293 28 358
./good1/good89.jpg 4 139 276 32 444 434 272 28 448 731 291 26 429 1018 293 28 358
./good1/good278.jpg 4 139 276 32 444 434 272 28 448 731 291 26 429 1018 293 28 358
./good1/good171.jpg 4 139 276 32 444 434 272 28 448 731 291 26 429 1018 293 28 358
./good1/good123.jpg 3 139 276 32 444 731 291 26 429 1018 293 28 358
./good1/good52.jpg 4 139 276 32 444 434 272 28 448 731 291 26 429 1018 293 28 358
./good1/good133.jpg 4 139 276 32 444 434 272 28 448 731 291 26 429 1018 293 28 358
./good1/good20.jpg 4 139 276 32 444 434 272 28 448 731 291 26 429 1018 293 28 358
./good1/good68.jpg 4 139 276 32 444 434 272 28 448 731 291 26 429 1018 293 28 358
./good1/good173.jpg 4 139 276 32 444 434 272 28 448 731 291 26 429 1018 293 28 358
./good1/good1.jpg 4 139 276 32 444 434 272 28 448 731 291 26 429 1018 293 28 358
./good1/good106.jpg 4 139 276 32 444 434 272 28 448 731 291 26 429 1018 293 28 358
./good1/good91.jpg 4 139 276 32 444 434 272 28 448 731 291 26 429 1018 293 28 358
./good1/good242.jpg 4 139 276 32 444 434 272 28 448 731 291 26 429 1018 293 28 358
./good1/good256.jpg 4 139 276 32 444 434 272 28 448 731 291 26 429 1018 293 28 358
./good1/good162.jpg 4 139 276 32 444 434 272 28 448 731 291 26 429 1018 293 28 358
./good1/good226.jpg 4 139 276 32 444 434 272 28 448 731 291 26 429 1018 293 28 358
./good1/good78.jpg 4 139 276 32 444 434 272 28 448 731 291 26 429 1018 293 28 358
./good1/good172.jpg 4 139 276 32 444 434 272 28 448 731 291 26 429 1018 293 28 358
./good1/good32.jpg 4 139 276 32 444 434 272 28 448 731 291 26 429 1018 293 28 358
./good1/good51.jpg 4 139 276 32 444 434 272 28 448 731 291 26 429 1018 293 28 358
./good1/good182.jpg 4 139 276 32 444 434 272 28 448 731 291 26 429 1018 293 28 358
./good1/good85.jpg 4 139 276 32 444 434 272 28 448 731 291 26 429 1018 293 28 358
./good1/good10.jpg 4 139 276 32 444 434 272 28 448 731 291 26 429 1018 293 28 358
./good1/good241.jpg 4 139 276 32 444 434 272 28 448 731 291 26 429 1018 293 28 358
./good1/good219.jpg 4 139 276 32 444 434 272 28 448 731 291 26 429 1018 293 28 358
./good1/good11.jpg 4 139 276 32 444 434 272 28 448 731 291 26 429 1018 293 28 358
./good1/good208.jpg 4 139 276 32 444 434 272 28 448 731 291 26 429 1018 293 28 358
./good1/good268.jpg 4 139 276 32 444 434 272 28 448 731 291 26 429 1018 293 28 358
./good1/good178.jpg 4 139 276 32 444 434 272 28 448 731 291 26 429 1018 293 28 358
./good1/good103.jpg 4 139 276 32 444 434 272 28 448 731 291 26 429 1018 293 28 358
./good1/good119.jpg 2 139 276 32 444 434 272 28 448
./good1/good44.jpg 4 139 276 32 444 434 272 28 448 731 291 26 429 1018 293 28 358
./good1/good239.jpg 4 139 276 32 444 434 272 28 448 731 291 26 429 1018 293 28 358
./good1/good12.jpg 4 139 276 32 444 434 272 28 448 731 291 26 429 1018 293 28 358
./good1/good159.jpg 4 139 276 32 444 434 272 28 448 731 291 26 429 1018 293 28 358
./good1/good67.jpg 4 139 276 32 444 434 272 28 448 731 291 26 429 1018 293 28 358
./good1/good62.jpg 4 139 276 32 444 434 272 28 448 731 291 26 429 1018 293 28 358
./good1/good126.jpg 3 434 272 28 448 731 291 26 429 1018 293 28 358
./good1/good194.jpg 4 139 276 32 444 434 272 28 448 731 291 26 429 1018 293 28 358
./good1/good28.jpg 4 139 276 32 444 434 272 28 448 731 291 26 429 1018 293 28 358
./good1/good111.jpg 4 139 276 32 444 434 272 28 448 731 291 26 429 1018 293 28 358
./good1/good283.jpg 4 139 276 32 444 434 272 28 448 731 291 26 429 1018 293 28 358
./good1/good139.jpg 4 139 276 32 444 434 272 28 448 731 291 26 429 1018 293 28 358
./good1/good30.jpg 4 139 276 32 444 434 272 28 448 731 291 26 429 1018 293 28 358
./good1/good79.jpg 4 139 276 32 444 434 272 28 448 731 291 26 429 1018 293 28 358
./good1/good191.jpg 4 139 276 32 444 434 272 28 448 731 291 26 429 1018 293 28 358
./good1/good266.jpg 4 139 276 32 444 434 272 28 448 731 291 26 429 1018 293 28 358
./good1/good137.jpg 4 139 276 32 444 434 272 28 448 731 291 26 429 1018 293 28 358
./good1/good39.jpg 4 139 276 32 444 434 272 28 448 731 291 26 429 1018 293 28 358
./good1/good199.jpg 4 139 276 32 444 434 272 28 448 731 291 26 429 1018 293 28 358
./good1/good254.jpg 4 139 276 32 444 434 272 28 448 731 291 26 429 1018 293 28 358
./good1/good59.jpg 4 139 276 32 444 434 272 28 448 731 291 26 429 1018 293 28 358
./good1/good189.jpg 4 139 276 32 444 434 272 28 448 731 291 26 429 1018 293 28 358
./good1/good131.jpg 4 139 276 32 444 434 272 28 448 731 291 26 429 1018 293 28 358
./good1/good179.jpg 4 139 276 32 444 434 272 28 448 731 291 26 429 1018 293 28 358
./good1/good82.jpg 4 139 276 32 444 434 272 28 448 731 291 26 429 1018 293 28 358
./good1/good14.jpg 4 139 276 32 444 434 272 28 448 731 291 26 429 1018 293 28 358
./good1/good122.jpg 1 1018 293 28 358
./good1/good255.jpg 4 139 276 32 444 434 272 28 448 731 291 26 429 1018 293 28 358
./good1/good224.jpg 4 139 276 32 444 434 272 28 448 731 291 26 429 1018 293 28 358
./good1/good47.jpg 4 139 276 32 444 434 272 28 448 731 291 26 429 1018 293 28 358
./good1/good198.jpg 4 139 276 32 444 434 272 28 448 731 291 26 429 1018 293 28 358
./good1/good17.jpg 4 139 276 32 444 434 272 28 448 731 291 26 429 1018 293 28 358
./good1/good142.jpg 4 139 276 32 444 434 272 28 448 731 291 26 429 1018 293 28 358
./good1/good117.jpg 2 139 276 32 444 731 291 26 429
./good1/good248.jpg 4 139 276 32 444 434 272 28 448 731 291 26 429 1018 293 28 358
./good1/good141.jpg 4 139 276 32 444 434 272 28 448 731 291 26 429 1018 293 28 358
./good1/good280.jpg 4 139 276 32 444 434 272 28 448 731 291 26 429 1018 293 28 358
./good1/good273.jpg 4 139 276 32 444 434 272 28 448 731 291 26 429 1018 293 28 358
./good1/good81.jpg 4 139 276 32 444 434 272 28 448 731 291 26 429 1018 293 28 358
./good1/good99.jpg 4 139 276 32 444 434 272 28 448 731 291 26 429 1018 293 28 358
./good1/good216.jpg 4 139 276 32 444 434 272 28 448 731 291 26 429 1018 293 28 358
./good1/good65.jpg 4 139 276 32 444 434 272 28 448 731 291 26 429 1018 293 28 358
./good1/good36.jpg 4 139 276 32 444 434 272 28 448 731 291 26 429 1018 293 28 358
./good1/good175.jpg 4 139 276 32 444 434 272 28 448 731 291 26 429 1018 293 28 358
./good1/good270.jpg 4 139 276 32 444 434 272 28 448 731 291 26 429 1018 293 28 358
./good1/good105.jpg 4 139 276 32 444 434 272 28 448 731 291 26 429 1018 293 28 358
./good1/good19.jpg 4 139 276 32 444 434 272 28 448 731 291 26 429 1018 293 28 358
./good1/good53.jpg 4 139 276 32 444 434 272 28 448 731 291 26 429 1018 293 28 358
./good1/good292.jpg 4 139 276 32 444 434 272 28 448 731 291 26 429 1018 293 28 358
./good1/good163.jpg 4 139 276 32 444 434 272 28 448 731 291 26 429 1018 293 28 358
./good1/good192.jpg 4 139 276 32 444 434 272 28 448 731 291 26 429 1018 293 28 358
./good1/good228.jpg 4 139 276 32 444 434 272 28 448 731 291 26 429 1018 293 28 358
./good1/good80.jpg 4 139 276 32 444 434 272 28 448 731 291 26 429 1018 293 28 358
./good1/good4.jpg 4 139 276 32 444 434 272 28 448 731 291 26 429 1018 293 28 358
./good1/good174.jpg 4 139 276 32 444 434 272 28 448 731 291 26 429 1018 293 28 358
./good1/good18.jpg 4 139 276 32 444 434 272 28 448 731 291 26 429 1018 293 28 358
./good1/good33.jpg 4 139 276 32 444 434 272 28 448 731 291 26 429 1018 293 28 358
./good1/good277.jpg 4 139 276 32 444 434 272 28 448 731 291 26 429 1018 293 28 358
./good1/good87.jpg 4 139 276 32 444 434 272 28 448 731 291 26 429 1018 293 28 358
./good1/good63.jpg 4 139 276 32 444 434 272 28 448 731 291 26 429 1018 293 28 358
./good1/good160.jpg 4 139 276 32 444 434 272 28 448 731 291 26 429 1018 293 28 358
./good1/good264.jpg 4 139 276 32 444 434 272 28 448 731 291 26 429 1018 293 28 358
./good1/good146.jpg 4 139 276 32 444 434 272 28 448 731 291 26 429 1018 293 28 358
./good1/good108.jpg 4 139 276 32 444 434 272 28 448 731 291 26 429 1018 293 28 358
./good1/good153.jpg 4 139 276 32 444 434 272 28 448 731 291 26 429 1018 293 28 358
./good1/good96.jpg 4 139 276 32 444 434 272 28 448 731 291 26 429 1018 293 28 358
./good1/good71.jpg 4 139 276 32 444 434 272 28 448 731 291 26 429 1018 293 28 358
./good1/good253.jpg 4 139 276 32 444 434 272 28 448 731 291 26 429 1018 293 28 358
./good1/good83.jpg 4 139 276 32 444 434 272 28 448 731 291 26 429 1018 293 28 358
./good1/good25.jpg 4 139 276 32 444 434 272 28 448 731 291 26 429 1018 293 28 358
./good1/good223.jpg 4 139 276 32 444 434 272 28 448 731 291 26 429 1018 293 28 358
./good1/good236.jpg 4 139 276 32 444 434 272 28 448 731 291 26 429 1018 293 28 358
./good1/good263.jpg 4 139 276 32 444 434 272 28 448 731 291 26 429 1018 293 28 358
./good1/good274.jpg 4 139 276 32 444 434 272 28 448 731 291 26 429 1018 293 28 358
./good1/good293.jpg 4 139 276 32 444 434 272 28 448 731 291 26 429 1018 293 28 358
./good2/good37.jpg 4 139 276 32 444 434 272 28 448 731 291 26 429 1018 293 28 358
./good2/good5.jpg 4 139 276 32 444 434 272 28 448 731 291 26 429 1018 293 28 358
./good2/good31.jpg 4 139 276 32 444 434 272 28 448 731 291 26 429 1018 293 28 358
./good2/good21.jpg 4 139 276 32 444 434 272 28 448 731 291 26 429 1018 293 28 358
./good2/good43.jpg 4 139 276 32 444 434 272 28 448 731 291 26 429 1018 293 28 358
./good2/good42.jpg 4 139 276 32 444 434 272 28 448 731 291 26 429 1018 293 28 358
./good2/good2.jpg 4 139 276 32 444 434 272 28 448 731 291 26 429 1018 293 28 358
./good2/good29.jpg 4 139 276 32 444 434 272 28 448 731 291 26 429 1018 293 28 358
./good2/good0.jpg 4 139 276 32 444 434 272 28 448 731 291 26 429 1018 293 28 358
./good2/good15.jpg 4 139 276 32 444 434 272 28 448 731 291 26 429 1018 293 28 358
./good2/good45.jpg 4 139 276 32 444 434 272 28 448 731 291 26 429 1018 293 28 358
./good2/good40.jpg 4 139 276 32 444 434 272 28 448 731 291 26 429 1018 293 28 358
./good2/good41.jpg 4 139 276 32 444 434 272 28 448 731 291 26 429 1018 293 28 358
./good2/good26.jpg 4 139 276 32 444 434 272 28 448 731 291 26 429 1018 293 28 358
./good2/good9.jpg 4 139 276 32 444 434 272 28 448 731 291 26 429 1018 293 28 358
./good2/good23.jpg 4 139 276 32 444 434 272 28 448 731 291 26 429 1018 293 28 358
./good2/good27.jpg 4 139 276 32 444 434 272 28 448 731 291 26 429 1018 293 28 358
./good2/good35.jpg 4 139 276 32 444 434 272 28 448 731 291 26 429 1018 293 28 358
./good2/good7.jpg 4 139 276 32 444 434 272 28 448 731 291 26 429 1018 293 28 358
./good2/good13.jpg 4 139 276 32 444 434 272 28 448 731 291 26 429 1018 293 28 358
./good2/good46.jpg 4 139 276 32 444 434 272 28 448 731 291 26 429 1018 293 28 358
./good2/good3.jpg 4 139 276 32 444 434 272 28 448 731 291 26 429 1018 293 28 358
./good2/good38.jpg 4 139 276 32 444 434 272 28 448 731 291 26 429 1018 293 28 358
./good2/good24.jpg 4 139 276 32 444 434 272 28 448 731 291 26 429 1018 293 28 358
./good2/good8.jpg 4 139 276 32 444 434 272 28 448 731 291 26 429 1018 293 28 358
./good2/good22.jpg 4 139 276 32 444 434 272 28 448 731 291 26 429 1018 293 28 358
./good2/good34.jpg 4 139 276 32 444 434 272 28 448 731 291 26 429 1018 293 28 358
./good2/good6.jpg 4 139 276 32 444 434 272 28 448 731 291 26 429 1018 293 28 358
./good2/good16.jpg 4 139 276 32 444 434 272 28 448 731 291 26 429 1018 293 28 358
./good2/good20.jpg 4 139 276 32 444 434 272 28 448 731 291 26 429 1018 293 28 358
./good2/good1.jpg 4 139 276 32 444 434 272 28 448 731 291 26 429 1018 293 28 358
./good2/good32.jpg 4 139 276 32 444 434 272 28 448 731 291 26 429 1018 293 28 358
./good2/good10.jpg 4 139 276 32 444 434 272 28 448 731 291 26 429 1018 293 28 358
./good2/good11.jpg 4 139 276 32 444 434 272 28 448 731 291 26 429 1018 293 28 358
./good2/good44.jpg 4 139 276 32 444 434 272 28 448 731 291 26 429 1018 293 28 358
./good2/good12.jpg 4 139 276 32 444 434 272 28 448 731 291 26 429 1018 293 28 358
./good2/good28.jpg 4 139 276 32 444 434 272 28 448 731 291 26 429 1018 293 28 358
./good2/good30.jpg 4 139 276 32 444 434 272 28 448 731 291 26 429 1018 293 28 358
./good2/good39.jpg 4 139 276 32 444 434 272 28 448 731 291 26 429 1018 293 28 358
./good2/good14.jpg 4 139 276 32 444 434 272 28 448 731 291 26 429 1018 293 28 358
./good2/good17.jpg 4 139 276 32 444 434 272 28 448 731 291 26 429 1018 293 28 358
./good2/good36.jpg 4 139 276 32 444 434 272 28 448 731 291 26 429 1018 293 28 358
./good2/good19.jpg 4 139 276 32 444 434 272 28 448 731 291 26 429 1018 293 28 358
./good2/good4.jpg 4 139 276 32 444 434 272 28 448 731 291 26 429 1018 293 28 358
./good2/good18.jpg 4 139 276 32 444 434 272 28 448 731 291 26 429 1018 293 28 358
./good2/good33.jpg 4 139 276 32 444 434 272 28 448 731 291 26 429 1018 293 28 358
./good2/good25.jpg 4 139 276 32 444 434 272 28 448 731 291 26 429 1018 293 28 358
./good3/good92.jpg 4 139 276 32 444 434 272 28 448 731 291 26 429 1018 293 28 358
./good3/good113.jpg 4 139 276 32 444 434 272 28 448 731 291 26 429 1018 293 28 358
./good3/good84.jpg 4 139 276 32 444 434 272 28 448 731 291 26 429 1018 293 28 358
./good3/good86.jpg 4 139 276 32 444 434 272 28 448 731 291 26 429 1018 293 28 358
./good3/good64.jpg 4 139 276 32 444 434 272 28 448 731 291 26 429 1018 293 28 358
./good3/good56.jpg 4 139 276 32 444 434 272 28 448 731 291 26 429 1018 293 28 358
./good3/good37.jpg 4 139 276 32 444 434 272 28 448 731 291 26 429 1018 293 28 358
./good3/good5.jpg 4 139 276 32 444 434 272 28 448 731 291 26 429 1018 293 28 358
./good3/good31.jpg 4 139 276 32 444 434 272 28 448 731 291 26 429 1018 293 28 358
./good3/good97.jpg 4 139 276 32 444 434 272 28 448 731 291 26 429 1018 293 28 358
./good3/good21.jpg 4 139 276 32 444 434 272 28 448 731 291 26 429 1018 293 28 358
./good3/good154.jpg 4 139 276 32 444 434 272 28 448 731 291 26 429 1018 293 28 358
./good3/good168.jpg 4 139 276 32 444 434 272 28 448 731 291 26 429 1018 293 28 358
./good3/good54.jpg 4 139 276 32 444 434 272 28 448 731 291 26 429 1018 293 28 358
./good3/good130.jpg 4 139 276 32 444 434 272 28 448 731 291 26 429 1018 293 28 358
./good3/good132.jpg 4 139 276 32 444 434 272 28 448 731 291 26 429 1018 293 28 358
./good3/good115.jpg 4 139 276 32 444 434 272 28 448
./good3/good107.jpg 4 139 276 32 444 434 272 28 448 731 291 26 429 1018 293 28 358
./good3/good70.jpg 4 139 276 32 444 434 272 28 448 731 291 26 429 1018 293 28 358
./good3/good109.jpg 4 139 276 32 444 434 272 28 448 731 291 26 429 1018 293 28 358
./good3/good48.jpg 4 139 276 32 444 434 272 28 448 731 291 26 429 1018 293 28 358
./good3/good120.jpg 4 139 276 32 444 434 272 28 448 731 291 26 429 1018 293 28 358
./good3/good88.jpg 4 139 276 32 444 434 272 28 448 731 291 26 429 1018 293 28 358
./good3/good50.jpg 4 139 276 32 444 434 272 28 448 731 291 26 429 1018 293 28 358
./good3/good155.jpg 4 139 276 32 444 434 272 28 448 731 291 26 429 1018 293 28 358
./good3/good43.jpg 4 139 276 32 444 434 272 28 448 731 291 26 429 1018 293 28 358
./good3/good42.jpg 4 139 276 32 444 434 272 28 448 731 291 26 429 1018 293 28 358
./good3/good138.jpg 4 139 276 32 444 434 272 28 448 731 291 26 429 1018 293 28 358
./good3/good148.jpg 4 139 276 32 444 434 272 28 448 731 291 26 429 1018 293 28 358
./good3/good74.jpg 4 139 276 32 444 434 272 28 448 731 291 26 429 1018 293 28 358
./good3/good165.jpg 4 139 276 32 444 434 272 28 448 731 291 26 429 1018 293 28 358
./good3/good2.jpg 4 139 276 32 444 434 272 28 448 731 291 26 429 1018 293 28 358
./good3/good29.jpg 4 139 276 32 444 434 272 28 448 731 291 26 429 1018 293 28 358
./good3/good152.jpg 4 139 276 32 444 434 272 28 448 731 291 26 429 1018 293 28 358
./good3/good0.jpg 4 139 276 32 444 434 272 28 448 731 291 26 429 1018 293 28 358
./good3/good114.jpg 4 139 276 32 444 434 272 28 448 731 291 26 429 1018 293 28 358
./good3/good104.jpg 4 139 276 32 444 434 272 28 448 731 291 26 429 1018 293 28 358
./good3/good98.jpg 4 139 276 32 444 434 272 28 448 731 291 26 429 1018 293 28 358
./good3/good73.jpg 4 139 276 32 444 434 272 28 448 731 291 26 429 1018 293 28 358
./good3/good66.jpg 4 139 276 32 444 434 272 28 448 731 291 26 429 1018 293 28 358
./good3/good60.jpg 4 139 276 32 444 434 272 28 448 731 291 26 429 1018 293 28 358
./good3/good143.jpg 4 139 276 32 444 434 272 28 448 731 291 26 429 1018 293 28 358
./good3/good135.jpg 4 139 276 32 444 434 272 28 448 731 291 26 429 1018 293 28 358
./good3/good134.jpg 4 139 276 32 444 434 272 28 448 731 291 26 429 1018 293 28 358
./good3/good150.jpg 4 139 276 32 444 434 272 28 448 731 291 26 429 1018 293 28 358
./good3/good125.jpg 4 139 276 32 444 434 272 28 448 731 291 26 429 1018 293 28 358
./good3/good15.jpg 4 139 276 32 444 434 272 28 448 731 291 26 429 1018 293 28 358
./good3/good75.jpg 4 139 276 32 444 434 272 28 448 731 291 26 429 1018 293 28 358
./good3/good110.jpg 4 139 276 32 444 434 272 28 448 731 291 26 429 1018 293 28 358
./good3/good145.jpg 4 139 276 32 444 434 272 28 448 731 291 26 429 1018 293 28 358
./good3/good161.jpg 4 139 276 32 444 434 272 28 448 731 291 26 429 1018 293 28 358
./good3/good151.jpg 4 139 276 32 444 434 272 28 448 731 291 26 429 1018 293 28 358
./good3/good45.jpg 4 139 276 32 444 434 272 28 448 731 291 26 429 1018 293 28 358
./good3/good61.jpg 4 139 276 32 444 434 272 28 448 731 291 26 429 1018 293 28 358
./good3/good72.jpg 4 139 276 32 444 434 272 28 448 731 291 26 429 1018 293 28 358
./good3/good77.jpg 4 139 276 32 444 434 272 28 448 731 291 26 429 1018 293 28 358
./good3/good112.jpg 4 139 276 32 444 434 272 28 448 731 291 26 429 1018 293 28 358
./good3/good40.jpg 4 139 276 32 444 434 272 28 448 731 291 26 429 1018 293 28 358
./good3/good41.jpg 4 139 276 32 444 434 272 28 448 731 291 26 429 1018 293 28 358
./good3/good58.jpg 4 139 276 32 444 434 272 28 448 731 291 26 429 1018 293 28 358
./good3/good166.jpg 4 139 276 32 444 434 272 28 448 731 291 26 429 1018 293 28 358
./good3/good93.jpg 4 139 276 32 444 434 272 28 448 731 291 26 429 1018 293 28 358
./good3/good26.jpg 4 139 276 32 444 434 272 28 448 731 291 26 429 1018 293 28 358
./good3/good157.jpg 4 139 276 32 444 434 272 28 448 731 291 26 429 1018 293 28 358
./good3/good129.jpg 4 139 276 32 444 434 272 28 448 731 291 26 429 1018 293 28 358
./good3/good136.jpg 4 139 276 32 444 434 272 28 448 731 291 26 429 1018 293 28 358
./good3/good9.jpg 4 139 276 32 444 434 272 28 448 731 291 26 429 1018 293 28 358
./good3/good176.jpg 4 139 276 32 444 434 272 28 448 731 291 26 429 1018 293 28 358
./good3/good118.jpg 4 139 276 32 444 434 272 28 448 731 291 26 429 1018 293 28 358
./good3/good127.jpg 4 139 276 32 444 434 272 28 448 731 291 26 429 1018 293 28 358
./good3/good147.jpg 4 139 276 32 444 434 272 28 448 731 291 26 429 1018 293 28 358
./good3/good170.jpg 4 139 276 32 444 434 272 28 448 731 291 26 429 1018 293 28 358
./good3/good23.jpg 4 139 276 32 444 434 272 28 448 731 291 26 429 1018 293 28 358
./good3/good94.jpg 4 139 276 32 444 434 272 28 448 731 291 26 429 1018 293 28 358
./good3/good167.jpg 4 139 276 32 444 434 272 28 448 731 291 26 429 1018 293 28 358
./good3/good27.jpg 4 139 276 32 444 434 272 28 448 731 291 26 429 1018 293 28 358
./good3/good121.jpg 4 139 276 32 444 434 272 28 448 731 291 26 429 1018 293 28 358
./good3/good116.jpg 4 139 276 32 444 434 272 28 448 731 291 26 429 1018 293 28 358
./good3/good128.jpg 4 139 276 32 444 434 272 28 448 731 291 26 429 1018 293 28 358
./good3/good158.jpg 4 139 276 32 444 434 272 28 448 731 291 26 429 1018 293 28 358
./good3/good164.jpg 4 139 276 32 444 434 272 28 448 731 291 26 429 1018 293 28 358
./good3/good35.jpg 4 139 276 32 444 434 272 28 448 731 291 26 429 1018 293 28 358
./good3/good156.jpg 4 139 276 32 444 434 272 28 448 731 291 26 429 1018 293 28 358
./good3/good7.jpg 4 139 276 32 444 434 272 28 448 731 291 26 429 1018 293 28 358
./good3/good95.jpg 4 139 276 32 444 434 272 28 448 731 291 26 429 1018 293 28 358
./good3/good13.jpg 4 139 276 32 444 434 272 28 448 731 291 26 429 1018 293 28 358
./good3/good101.jpg 4 139 276 32 444 434 272 28 448 731 291 26 429 1018 293 28 358
./good3/good90.jpg 4 139 276 32 444 434 272 28 448 731 291 26 429 1018 293 28 358
./good3/good140.jpg 4 139 276 32 444 434 272 28 448 731 291 26 429 1018 293 28 358
./good3/good46.jpg 4 139 276 32 444 434 272 28 448 731 291 26 429 1018 293 28 358
./good3/good149.jpg 4 139 276 32 444 434 272 28 448 731 291 26 429 1018 293 28 358
./good3/good55.jpg 4 139 276 32 444 434 272 28 448 731 291 26 429 1018 293 28 358
./good3/good144.jpg 4 139 276 32 444 434 272 28 448 731 291 26 429 1018 293 28 358
./good3/good3.jpg 4 139 276 32 444 434 272 28 448 731 291 26 429 1018 293 28 358
./good3/good100.jpg 4 139 276 32 444 434 272 28 448 731 291 26 429 1018 293 28 358
./good3/good57.jpg 4 139 276 32 444 434 272 28 448 731 291 26 429 1018 293 28 358
./good3/good38.jpg 4 139 276 32 444 434 272 28 448 731 291 26 429 1018 293 28 358
./good3/good102.jpg 4 139 276 32 444 434 272 28 448 731 291 26 429 1018 293 28 358
./good3/good24.jpg 4 139 276 32 444 434 272 28 448 731 291 26 429 1018 293 28 358
./good3/good49.jpg 4 139 276 32 444 434 272 28 448 731 291 26 429 1018 293 28 358
./good3/good69.jpg 4 139 276 32 444 434 272 28 448 731 291 26 429 1018 293 28 358
./good3/good169.jpg 4 139 276 32 444 434 272 28 448 731 291 26 429 1018 293 28 358
./good3/good8.jpg 4 139 276 32 444 434 272 28 448 731 291 26 429 1018 293 28 358
./good3/good124.jpg 2 139 276 32 444 434 272 28 448 731 291 26 429 1018 293 28 358
./good3/good76.jpg 4 139 276 32 444 434 272 28 448 731 291 26 429 1018 293 28 358
./good3/good22.jpg 4 139 276 32 444 434 272 28 448 731 291 26 429 1018 293 28 358
./good3/good34.jpg 4 139 276 32 444 434 272 28 448 731 291 26 429 1018 293 28 358
./good3/good6.jpg 4 139 276 32 444 434 272 28 448 731 291 26 429 1018 293 28 358
./good3/good177.jpg 4 139 276 32 444 434 272 28 448 731 291 26 429 1018 293 28 358
./good3/good16.jpg 4 139 276 32 444 434 272 28 448 731 291 26 429 1018 293 28 358
./good3/good89.jpg 4 139 276 32 444 434 272 28 448 731 291 26 429 1018 293 28 358
./good3/good171.jpg 4 139 276 32 444 434 272 28 448 731 291 26 429 1018 293 28 358
./good3/good123.jpg 4 139 276 32 444 434 272 28 448 731 291 26 429 1018 293 28 358
./good3/good52.jpg 4 139 276 32 444 434 272 28 448 731 291 26 429 1018 293 28 358
./good3/good133.jpg 4 139 276 32 444 434 272 28 448 731 291 26 429 1018 293 28 358
./good3/good20.jpg 4 139 276 32 444 434 272 28 448 731 291 26 429 1018 293 28 358
./good3/good68.jpg 4 139 276 32 444 434 272 28 448 731 291 26 429 1018 293 28 358
./good3/good173.jpg 4 139 276 32 444 434 272 28 448 731 291 26 429 1018 293 28 358
./good3/good1.jpg 4 139 276 32 444 434 272 28 448 731 291 26 429 1018 293 28 358
./good3/good106.jpg 4 139 276 32 444 434 272 28 448 731 291 26 429 1018 293 28 358
./good3/good91.jpg 4 139 276 32 444 434 272 28 448 731 291 26 429 1018 293 28 358
./good3/good162.jpg 4 139 276 32 444 434 272 28 448 731 291 26 429 1018 293 28 358
./good3/good78.jpg 4 139 276 32 444 434 272 28 448 731 291 26 429 1018 293 28 358
./good3/good172.jpg 4 139 276 32 444 434 272 28 448 731 291 26 429 1018 293 28 358
./good3/good32.jpg 4 139 276 32 444 434 272 28 448 731 291 26 429 1018 293 28 358
./good3/good51.jpg 4 139 276 32 444 434 272 28 448 731 291 26 429 1018 293 28 358
./good3/good85.jpg 4 139 276 32 444 434 272 28 448 731 291 26 429 1018 293 28 358
./good3/good10.jpg 4 139 276 32 444 434 272 28 448 731 291 26 429 1018 293 28 358
./good3/good11.jpg 4 139 276 32 444 434 272 28 448 731 291 26 429 1018 293 28 358
./good3/good178.jpg 4 139 276 32 444 434 272 28 448 731 291 26 429 1018 293 28 358
./good3/good103.jpg 4 139 276 32 444 434 272 28 448 731 291 26 429 1018 293 28 358
./good3/good119.jpg 4 139 276 32 444 434 272 28 448 731 291 26 429 1018 293 28 358
./good3/good44.jpg 4 139 276 32 444 434 272 28 448 731 291 26 429 1018 293 28 358
./good3/good12.jpg 4 139 276 32 444 434 272 28 448 731 291 26 429 1018 293 28 358
./good3/good159.jpg 4 139 276 32 444 434 272 28 448 731 291 26 429 1018 293 28 358
./good3/good67.jpg 4 139 276 32 444 434 272 28 448 731 291 26 429 1018 293 28 358
./good3/good62.jpg 4 139 276 32 444 434 272 28 448 731 291 26 429 1018 293 28 358
./good3/good126.jpg 4 139 276 32 444 434 272 28 448 731 291 26 429 1018 293 28 358
./good3/good28.jpg 4 139 276 32 444 434 272 28 448 731 291 26 429 1018 293 28 358
./good3/good111.jpg 4 139 276 32 444 434 272 28 448 731 291 26 429 1018 293 28 358
./good3/good139.jpg 4 139 276 32 444 434 272 28 448 731 291 26 429 1018 293 28 358
./good3/good30.jpg 4 139 276 32 444 434 272 28 448 731 291 26 429 1018 293 28 358
./good3/good79.jpg 4 139 276 32 444 434 272 28 448 731 291 26 429 1018 293 28 358
./good3/good137.jpg 4 139 276 32 444 434 272 28 448 731 291 26 429 1018 293 28 358
./good3/good39.jpg 4 139 276 32 444 434 272 28 448 731 291 26 429 1018 293 28 358
./good3/good59.jpg 4 139 276 32 444 434 272 28 448 731 291 26 429 1018 293 28 358
./good3/good131.jpg 4 139 276 32 444 434 272 28 448 731 291 26 429 1018 293 28 358
./good3/good82.jpg 4 139 276 32 444 434 272 28 448 731 291 26 429 1018 293 28 358
./good3/good14.jpg 4 139 276 32 444 434 272 28 448 731 291 26 429 1018 293 28 358
./good3/good122.jpg 4 139 276 32 444 434 272 28 448 731 291 26 429 1018 293 28 358
./good3/good47.jpg 4 139 276 32 444 434 272 28 448 731 291 26 429 1018 293 28 358
./good3/good17.jpg 4 139 276 32 444 434 272 28 448 731 291 26 429 1018 293 28 358
./good3/good142.jpg 4 139 276 32 444 434 272 28 448 731 291 26 429 1018 293 28 358
./good3/good117.jpg 4 139 276 32 444 434 272 28 448 731 291 26 429 1018 293 28 358
./good3/good141.jpg 4 139 276 32 444 434 272 28 448 731 291 26 429 1018 293 28 358
./good3/good81.jpg 4 139 276 32 444 434 272 28 448 731 291 26 429 1018 293 28 358
./good3/good99.jpg 4 139 276 32 444 434 272 28 448 731 291 26 429 1018 293 28 358
./good3/good65.jpg 4 139 276 32 444 434 272 28 448 731 291 26 429 1018 293 28 358
./good3/good36.jpg 4 139 276 32 444 434 272 28 448 731 291 26 429 1018 293 28 358
./good3/good175.jpg 4 139 276 32 444 434 272 28 448 731 291 26 429 1018 293 28 358
./good3/good105.jpg 4 139 276 32 444 434 272 28 448 731 291 26 429 1018 293 28 358
./good3/good19.jpg 4 139 276 32 444 434 272 28 448 731 291 26 429 1018 293 28 358
./good3/good53.jpg 4 139 276 32 444 434 272 28 448 731 291 26 429 1018 293 28 358
./good3/good163.jpg 4 139 276 32 444 434 272 28 448 731 291 26 429 1018 293 28 358
./good3/good80.jpg 4 139 276 32 444 434 272 28 448 731 291 26 429 1018 293 28 358
./good3/good4.jpg 4 139 276 32 444 434 272 28 448 731 291 26 429 1018 293 28 358
./good3/good174.jpg 4 139 276 32 444 434 272 28 448 731 291 26 429 1018 293 28 358
./good3/good18.jpg 4 139 276 32 444 434 272 28 448 731 291 26 429 1018 293 28 358
./good3/good33.jpg 4 139 276 32 444 434 272 28 448 731 291 26 429 1018 293 28 358
./good3/good87.jpg 4 139 276 32 444 434 272 28 448 731 291 26 429 1018 293 28 358
./good3/good63.jpg 4 139 276 32 444 434 272 28 448 731 291 26 429 1018 293 28 358
./good3/good160.jpg 4 139 276 32 444 434 272 28 448 731 291 26 429 1018 293 28 358
./good3/good146.jpg 4 139 276 32 444 434 272 28 448 731 291 26 429 1018 293 28 358
./good3/good108.jpg 4 139 276 32 444 434 272 28 448 731 291 26 429 1018 293 28 358
./good3/good153.jpg 4 139 276 32 444 434 272 28 448 731 291 26 429 1018 293 28 358
./good3/good96.jpg 4 139 276 32 444 434 272 28 448 731 291 26 429 1018 293 28 358
./good3/good71.jpg 4 139 276 32 444 434 272 28 448 731 291 26 429 1018 293 28 358
./good3/good83.jpg 4 139 276 32 444 434 272 28 448 731 291 26 429 1018 293 28 358
./good3/good25.jpg 4 139 276 32 444 434 272 28 448 731 291 26 429 1018 293 28 358
./good4/good92.jpg 4 139 276 32 444 434 272 28 448 731 291 26 429 1018 293 28 358
./good4/good113.jpg 4 139 276 32 444 434 272 28 448 731 291 26 429 1018 293 28 358
./good4/good205.jpg 4 139 276 32 444 434 272 28 448 731 291 26 429 1018 293 28 358
./good4/good215.jpg 4 139 276 32 444 434 272 28 448 731 291 26 429 1018 293 28 358
./good4/good230.jpg 4 139 276 32 444 434 272 28 448 731 291 26 429 1018 293 28 358
./good4/good84.jpg 4 139 276 32 444 434 272 28 448 731 291 26 429 1018 293 28 358
./good4/good201.jpg 4 139 276 32 444 434 272 28 448 731 291 26 429 1018 293 28 358
./good4/good312.jpg 4 139 276 32 444 434 272 28 448 731 291 26 429 1018 293 28 358
./good4/good282.jpg 4 139 276 32 444 434 272 28 448 731 291 26 429 1018 293 28 358
./good4/good271.jpg 4 139 276 32 444 434 272 28 448 731 291 26 429 1018 293 28 358
./good4/good86.jpg 4 139 276 32 444 434 272 28 448 731 291 26 429 1018 293 28 358
./good4/good234.jpg 4 139 276 32 444 434 272 28 448 731 291 26 429 1018 293 28 358
./good4/good64.jpg 4 139 276 32 444 434 272 28 448 731 291 26 429 1018 293 28 358
./good4/good56.jpg 4 139 276 32 444 434 272 28 448 731 291 26 429 1018 293 28 358
./good4/good37.jpg 4 139 276 32 444 434 272 28 448 731 291 26 429 1018 293 28 358
./good4/good286.jpg 4 139 276 32 444 434 272 28 448 731 291 26 429 1018 293 28 358
./good4/good238.jpg 4 139 276 32 444 434 272 28 448 731 291 26 429 1018 293 28 358
./good4/good235.jpg 4 139 276 32 444 434 272 28 448 731 291 26 429 1018 293 28 358
./good4/good222.jpg 4 139 276 32 444 434 272 28 448 731 291 26 429 1018 293 28 358
./good4/good229.jpg 4 139 276 32 444 434 272 28 448 731 291 26 429 1018 293 28 358
./good4/good5.jpg 4 139 276 32 444 434 272 28 448 731 291 26 429 1018 293 28 358
./good4/good31.jpg 4 139 276 32 444 434 272 28 448 731 291 26 429 1018 293 28 358
./good4/good310.jpg 4 139 276 32 444 434 272 28 448 731 291 26 429 1018 293 28 358
./good4/good97.jpg 4 139 276 32 444 434 272 28 448 731 291 26 429 1018 293 28 358
./good4/good21.jpg 4 139 276 32 444 434 272 28 448 731 291 26 429 1018 293 28 358
./good4/good154.jpg 4 139 276 32 444 434 272 28 448 731 291 26 429 1018 293 28 358
./good4/good325.jpg 4 139 276 32 444 434 272 28 448 731 291 26 429 1018 293 28 358
./good4/good168.jpg 4 139 276 32 444 434 272 28 448 731 291 26 429 1018 293 28 358
./good4/good187.jpg 4 139 276 32 444 434 272 28 448 731 291 26 429 1018 293 28 358
./good4/good246.jpg 4 139 276 32 444 434 272 28 448 731 291 26 429 1018 293 28 358
./good4/good54.jpg 4 139 276 32 444 434 272 28 448 731 291 26 429 1018 293 28 358
./good4/good130.jpg 4 139 276 32 444 434 272 28 448 731 291 26 429 1018 293 28 358
./good4/good132.jpg 4 139 276 32 444 434 272 28 448 731 291 26 429 1018 293 28 358
./good4/good115.jpg 4 139 276 32 444 434 272 28 448 731 291 26 429 1018 293 28 358
./good4/good107.jpg 1 434 272 28 448
./good4/good70.jpg 4 139 276 32 444 434 272 28 448 731 291 26 429 1018 293 28 358
./good4/good210.jpg 4 139 276 32 444 434 272 28 448 731 291 26 429 1018 293 28 358
./good4/good109.jpg 2 139 276 32 444 434 272 28 448
./good4/good48.jpg 4 139 276 32 444 434 272 28 448 731 291 26 429 1018 293 28 358
./good4/good301.jpg 4 139 276 32 444 434 272 28 448 731 291 26 429 1018 293 28 358
./good4/good307.jpg 4 139 276 32 444 434 272 28 448 731 291 26 429 1018 293 28 358
./good4/good120.jpg 4 139 276 32 444 434 272 28 448 731 291 26 429 1018 293 28 358
./good4/good88.jpg 4 139 276 32 444 434 272 28 448 731 291 26 429 1018 293 28 358
./good4/good50.jpg 4 139 276 32 444 434 272 28 448 731 291 26 429 1018 293 28 358
./good4/good184.jpg 4 139 276 32 444 434 272 28 448 731 291 26 429 1018 293 28 358
./good4/good155.jpg 4 139 276 32 444 434 272 28 448 731 291 26 429 1018 293 28 358
./good4/good185.jpg 4 139 276 32 444 434 272 28 448 731 291 26 429 1018 293 28 358
./good4/good43.jpg 4 139 276 32 444 434 272 28 448 731 291 26 429 1018 293 28 358
./good4/good316.jpg 4 139 276 32 444 434 272 28 448 731 291 26 429 1018 293 28 358
./good4/good42.jpg 4 139 276 32 444 434 272 28 448 731 291 26 429 1018 293 28 358
./good4/good138.jpg 4 139 276 32 444 434 272 28 448 731 291 26 429 1018 293 28 358
./good4/good148.jpg 4 139 276 32 444 434 272 28 448 731 291 26 429 1018 293 28 358
./good4/good74.jpg 4 139 276 32 444 434 272 28 448 731 291 26 429 1018 293 28 358
./good4/good165.jpg 4 139 276 32 444 434 272 28 448 731 291 26 429 1018 293 28 358
./good4/good260.jpg 4 139 276 32 444 434 272 28 448 731 291 26 429 1018 293 28 358
./good4/good332.jpg 4 139 276 32 444 434 272 28 448 731 291 26 429 1018 293 28 358
./good4/good309.jpg 4 139 276 32 444 434 272 28 448 731 291 26 429 1018 293 28 358
./good4/good197.jpg 4 139 276 32 444 434 272 28 448 731 291 26 429 1018 293 28 358
./good4/good249.jpg 4 139 276 32 444 434 272 28 448 731 291 26 429 1018 293 28 358
./good4/good180.jpg 4 139 276 32 444 434 272 28 448 731 291 26 429 1018 293 28 358
./good4/good269.jpg 4 139 276 32 444 434 272 28 448 731 291 26 429 1018 293 28 358
./good4/good2.jpg 4 139 276 32 444 434 272 28 448 731 291 26 429 1018 293 28 358
./good4/good213.jpg 4 139 276 32 444 434 272 28 448 731 291 26 429 1018 293 28 358
./good4/good279.jpg 4 139 276 32 444 434 272 28 448 731 291 26 429 1018 293 28 358
./good4/good29.jpg 4 139 276 32 444 434 272 28 448 731 291 26 429 1018 293 28 358
./good4/good152.jpg 4 139 276 32 444 434 272 28 448 731 291 26 429 1018 293 28 358
./good4/good276.jpg 4 139 276 32 444 434 272 28 448 731 291 26 429 1018 293 28 358
./good4/good243.jpg 4 139 276 32 444 434 272 28 448 731 291 26 429 1018 293 28 358
./good4/good0.jpg 4 139 276 32 444 434 272 28 448 731 291 26 429 1018 293 28 358
./good4/good233.jpg 4 139 276 32 444 434 272 28 448 731 291 26 429 1018 293 28 358
./good4/good114.jpg 4 139 276 32 444 434 272 28 448 731 291 26 429 1018 293 28 358
./good4/good258.jpg 4 139 276 32 444 434 272 28 448 731 291 26 429 1018 293 28 358
./good4/good275.jpg 4 139 276 32 444 434 272 28 448 731 291 26 429 1018 293 28 358
./good4/good98.jpg 4 139 276 32 444 434 272 28 448 731 291 26 429 1018 293 28 358
./good4/good281.jpg 4 139 276 32 444 434 272 28 448 731 291 26 429 1018 293 28 358
./good4/good73.jpg 4 139 276 32 444 434 272 28 448 731 291 26 429 1018 293 28 358
./good4/good245.jpg 4 139 276 32 444 434 272 28 448 731 291 26 429 1018 293 28 358
./good4/good220.jpg 4 139 276 32 444 434 272 28 448 731 291 26 429 1018 293 28 358
./good4/good331.jpg 4 139 276 32 444 434 272 28 448 731 291 26 429 1018 293 28 358
./good4/good66.jpg 4 139 276 32 444 434 272 28 448 731 291 26 429 1018 293 28 358
./good4/good289.jpg 4 139 276 32 444 434 272 28 448 731 291 26 429 1018 293 28 358
./good4/good259.jpg 4 139 276 32 444 434 272 28 448 731 291 26 429 1018 293 28 358
./good4/good60.jpg 4 139 276 32 444 434 272 28 448 731 291 26 429 1018 293 28 358
./good4/good183.jpg 4 139 276 32 444 434 272 28 448 731 291 26 429 1018 293 28 358
./good4/good143.jpg 4 139 276 32 444 434 272 28 448 731 291 26 429 1018 293 28 358
./good4/good135.jpg 4 139 276 32 444 434 272 28 448 731 291 26 429 1018 293 28 358
./good4/good134.jpg 4 139 276 32 444 434 272 28 448 731 291 26 429 1018 293 28 358
./good4/good288.jpg 4 139 276 32 444 434 272 28 448 731 291 26 429 1018 293 28 358
./good4/good150.jpg 4 139 276 32 444 434 272 28 448 731 291 26 429 1018 293 28 358
./good4/good125.jpg 4 139 276 32 444 434 272 28 448 731 291 26 429 1018 293 28 358
./good4/good193.jpg 4 139 276 32 444 434 272 28 448 731 291 26 429 1018 293 28 358
./good4/good206.jpg 4 139 276 32 444 434 272 28 448 731 291 26 429 1018 293 28 358
./good4/good15.jpg 4 139 276 32 444 434 272 28 448 731 291 26 429 1018 293 28 358
./good4/good75.jpg 4 139 276 32 444 434 272 28 448 731 291 26 429 1018 293 28 358
./good4/good214.jpg 4 139 276 32 444 434 272 28 448 731 291 26 429 1018 293 28 358
./good4/good302.jpg 4 139 276 32 444 434 272 28 448 731 291 26 429 1018 293 28 358
./good4/good308.jpg 4 139 276 32 444 434 272 28 448 731 291 26 429 1018 293 28 358
./good4/good110.jpg 4 139 276 32 444 434 272 28 448 731 291 26 429 1018 293 28 358
./good4/good145.jpg 4 139 276 32 444 434 272 28 448 731 291 26 429 1018 293 28 358
./good4/good272.jpg 4 139 276 32 444 434 272 28 448 731 291 26 429 1018 293 28 358
./good4/good161.jpg 4 139 276 32 444 434 272 28 448 731 291 26 429 1018 293 28 358
./good4/good151.jpg 4 139 276 32 444 434 272 28 448 731 291 26 429 1018 293 28 358
./good4/good323.jpg 4 139 276 32 444 434 272 28 448 731 291 26 429 1018 293 28 358
./good4/good45.jpg 4 139 276 32 444 434 272 28 448 731 291 26 429 1018 293 28 358
./good4/good328.jpg 4 139 276 32 444 434 272 28 448 731 291 26 429 1018 293 28 358
./good4/good61.jpg 4 139 276 32 444 434 272 28 448 731 291 26 429 1018 293 28 358
./good4/good72.jpg 4 139 276 32 444 434 272 28 448 731 291 26 429 1018 293 28 358
./good4/good262.jpg 4 139 276 32 444 434 272 28 448 731 291 26 429 1018 293 28 358
./good4/good77.jpg 4 139 276 32 444 434 272 28 448 731 291 26 429 1018 293 28 358
./good4/good287.jpg 4 139 276 32 444 434 272 28 448 731 291 26 429 1018 293 28 358
./good4/good112.jpg 4 139 276 32 444 434 272 28 448 731 291 26 429 1018 293 28 358
./good4/good295.jpg 4 139 276 32 444 434 272 28 448 731 291 26 429 1018 293 28 358
./good4/good265.jpg 4 139 276 32 444 434 272 28 448 731 291 26 429 1018 293 28 358
./good4/good217.jpg 4 139 276 32 444 434 272 28 448 731 291 26 429 1018 293 28 358
./good4/good186.jpg 4 139 276 32 444 434 272 28 448 731 291 26 429 1018 293 28 358
./good4/good40.jpg 4 139 276 32 444 434 272 28 448 731 291 26 429 1018 293 28 358
./good4/good41.jpg 4 139 276 32 444 434 272 28 448 731 291 26 429 1018 293 28 358
./good4/good58.jpg 4 139 276 32 444 434 272 28 448 731 291 26 429 1018 293 28 358
./good4/good227.jpg 4 139 276 32 444 434 272 28 448 731 291 26 429 1018 293 28 358
./good4/good261.jpg 4 139 276 32 444 434 272 28 448 731 291 26 429 1018 293 28 358
./good4/good181.jpg 4 139 276 32 444 434 272 28 448 731 291 26 429 1018 293 28 358
./good4/good166.jpg 4 139 276 32 444 434 272 28 448 731 291 26 429 1018 293 28 358
./good4/good218.jpg 4 139 276 32 444 434 272 28 448 731 291 26 429 1018 293 28 358
./good4/good93.jpg 4 139 276 32 444 434 272 28 448 731 291 26 429 1018 293 28 358
./good4/good26.jpg 4 139 276 32 444 434 272 28 448 731 291 26 429 1018 293 28 358
./good4/good188.jpg 4 139 276 32 444 434 272 28 448 731 291 26 429 1018 293 28 358
./good4/good250.jpg 4 139 276 32 444 434 272 28 448 731 291 26 429 1018 293 28 358
./good4/good285.jpg 4 139 276 32 444 434 272 28 448 731 291 26 429 1018 293 28 358
./good4/good330.jpg 4 139 276 32 444 434 272 28 448 731 291 26 429 1018 293 28 358
./good4/good157.jpg 4 139 276 32 444 434 272 28 448 731 291 26 429 1018 293 28 358
./good4/good129.jpg 4 139 276 32 444 434 272 28 448 731 291 26 429 1018 293 28 358
./good4/good136.jpg 4 139 276 32 444 434 272 28 448 731 291 26 429 1018 293 28 358
./good4/good195.jpg 4 139 276 32 444 434 272 28 448 731 291 26 429 1018 293 28 358
./good4/good9.jpg 4 139 276 32 444 434 272 28 448 731 291 26 429 1018 293 28 358
./good4/good176.jpg 4 139 276 32 444 434 272 28 448 731 291 26 429 1018 293 28 358
./good4/good118.jpg 4 139 276 32 444 434 272 28 448 731 291 26 429 1018 293 28 358
./good4/good303.jpg 4 139 276 32 444 434 272 28 448 731 291 26 429 1018 293 28 358
./good4/good127.jpg 4 139 276 32 444 434 272 28 448 731 291 26 429 1018 293 28 358
./good4/good147.jpg 4 139 276 32 444 434 272 28 448 731 291 26 429 1018 293 28 358
./good4/good170.jpg 4 139 276 32 444 434 272 28 448 731 291 26 429 1018 293 28 358
./good4/good212.jpg 4 139 276 32 444 434 272 28 448 731 291 26 429 1018 293 28 358
./good4/good23.jpg 4 139 276 32 444 434 272 28 448 731 291 26 429 1018 293 28 358
./good4/good300.jpg 4 139 276 32 444 434 272 28 448 731 291 26 429 1018 293 28 358
./good4/good94.jpg 4 139 276 32 444 434 272 28 448 731 291 26 429 1018 293 28 358
./good4/good167.jpg 4 139 276 32 444 434 272 28 448 731 291 26 429 1018 293 28 358
./good4/good27.jpg 4 139 276 32 444 434 272 28 448 731 291 26 429 1018 293 28 358
./good4/good121.jpg 4 139 276 32 444 434 272 28 448 731 291 26 429 1018 293 28 358
./good4/good116.jpg 4 139 276 32 444 434 272 28 448 731 291 26 429 1018 293 28 358
./good4/good290.jpg 4 139 276 32 444 434 272 28 448 731 291 26 429 1018 293 28 358
./good4/good128.jpg 4 139 276 32 444 434 272 28 448 731 291 26 429 1018 293 28 358
./good4/good158.jpg 4 139 276 32 444 434 272 28 448 731 291 26 429 1018 293 28 358
./good4/good329.jpg 4 139 276 32 444 434 272 28 448 731 291 26 429 1018 293 28 358
./good4/good164.jpg 4 139 276 32 444 434 272 28 448 731 291 26 429 1018 293 28 358
./good4/good211.jpg 4 139 276 32 444 434 272 28 448 731 291 26 429 1018 293 28 358
./good4/good294.jpg 4 139 276 32 444 434 272 28 448 731 291 26 429 1018 293 28 358
./good4/good35.jpg 4 139 276 32 444 434 272 28 448 731 291 26 429 1018 293 28 358
./good4/good321.jpg 4 139 276 32 444 434 272 28 448 731 291 26 429 1018 293 28 358
./good4/good156.jpg 4 139 276 32 444 434 272 28 448 731 291 26 429 1018 293 28 358
./good4/good319.jpg 4 139 276 32 444 434 272 28 448 731 291 26 429 1018 293 28 358
./good4/good7.jpg 4 139 276 32 444 434 272 28 448 731 291 26 429 1018 293 28 358
./good4/good95.jpg 4 139 276 32 444 434 272 28 448 731 291 26 429 1018 293 28 358
./good4/good291.jpg 4 139 276 32 444 434 272 28 448 731 291 26 429 1018 293 28 358
./good4/good13.jpg 4 139 276 32 444 434 272 28 448 731 291 26 429 1018 293 28 358
./good4/good101.jpg 4 139 276 32 444 434 272 28 448 731 291 26 429 1018 293 28 358
./good4/good90.jpg 4 139 276 32 444 434 272 28 448 731 291 26 429 1018 293 28 358
./good4/good140.jpg 4 139 276 32 444 434 272 28 448 731 291 26 429 1018 293 28 358
./good4/good46.jpg 4 139 276 32 444 434 272 28 448 731 291 26 429 1018 293 28 358
./good4/good322.jpg 4 139 276 32 444 434 272 28 448 731 291 26 429 1018 293 28 358
./good4/good149.jpg 4 139 276 32 444 434 272 28 448 731 291 26 429 1018 293 28 358
./good4/good55.jpg 4 139 276 32 444 434 272 28 448 731 291 26 429 1018 293 28 358
./good4/good252.jpg 4 139 276 32 444 434 272 28 448 731 291 26 429 1018 293 28 358
./good4/good144.jpg 4 139 276 32 444 434 272 28 448 731 291 26 429 1018 293 28 358
./good4/good231.jpg 4 139 276 32 444 434 272 28 448 731 291 26 429 1018 293 28 358
./good4/good200.jpg 4 139 276 32 444 434 272 28 448 731 291 26 429 1018 293 28 358
./good4/good196.jpg 4 139 276 32 444 434 272 28 448 731 291 26 429 1018 293 28 358
./good4/good306.jpg 4 139 276 32 444 434 272 28 448 731 291 26 429 1018 293 28 358
./good4/good3.jpg 4 139 276 32 444 434 272 28 448 731 291 26 429 1018 293 28 358
./good4/good207.jpg 4 139 276 32 444 434 272 28 448 731 291 26 429 1018 293 28 358
./good4/good225.jpg 4 139 276 32 444 434 272 28 448 731 291 26 429 1018 293 28 358
./good4/good100.jpg 4 139 276 32 444 434 272 28 448 731 291 26 429 1018 293 28 358
./good4/good232.jpg 4 139 276 32 444 434 272 28 448 731 291 26 429 1018 293 28 358
./good4/good315.jpg 4 139 276 32 444 434 272 28 448 731 291 26 429 1018 293 28 358
./good4/good57.jpg 4 139 276 32 444 434 272 28 448 731 291 26 429 1018 293 28 358
./good4/good257.jpg 4 139 276 32 444 434 272 28 448 731 291 26 429 1018 293 28 358
./good4/good204.jpg 4 139 276 32 444 434 272 28 448 731 291 26 429 1018 293 28 358
./good4/good38.jpg 4 139 276 32 444 434 272 28 448 731 291 26 429 1018 293 28 358
./good4/good311.jpg 4 139 276 32 444 434 272 28 448 731 291 26 429 1018 293 28 358
./good4/good202.jpg 4 139 276 32 444 434 272 28 448 731 291 26 429 1018 293 28 358
./good4/good102.jpg 4 139 276 32 444 434 272 28 448 731 291 26 429 1018 293 28 358
./good4/good240.jpg 4 139 276 32 444 434 272 28 448 731 291 26 429 1018 293 28 358
./good4/good24.jpg 4 139 276 32 444 434 272 28 448 731 291 26 429 1018 293 28 358
./good4/good49.jpg 4 139 276 32 444 434 272 28 448 731 291 26 429 1018 293 28 358
./good4/good209.jpg 4 139 276 32 444 434 272 28 448 731 291 26 429 1018 293 28 358
./good4/good69.jpg 4 139 276 32 444 434 272 28 448 731 291 26 429 1018 293 28 358
./good4/good169.jpg 4 139 276 32 444 434 272 28 448 731 291 26 429 1018 293 28 358
./good4/good8.jpg 4 139 276 32 444 434 272 28 448 731 291 26 429 1018 293 28 358
./good4/good251.jpg 4 139 276 32 444 434 272 28 448 731 291 26 429 1018 293 28 358
./good4/good267.jpg 4 139 276 32 444 434 272 28 448 731 291 26 429 1018 293 28 358
./good4/good124.jpg 4 139 276 32 444 434 272 28 448 731 291 26 429 1018 293 28 358
./good4/good76.jpg 4 139 276 32 444 434 272 28 448 731 291 26 429 1018 293 28 358
./good4/good22.jpg 4 139 276 32 444 434 272 28 448 731 291 26 429 1018 293 28 358
./good4/good237.jpg 4 139 276 32 444 434 272 28 448 731 291 26 429 1018 293 28 358
./good4/good190.jpg 4 139 276 32 444 434 272 28 448 731 291 26 429 1018 293 28 358
./good4/good221.jpg 4 139 276 32 444 434 272 28 448 731 291 26 429 1018 293 28 358
./good4/good34.jpg 4 139 276 32 444 434 272 28 448 731 291 26 429 1018 293 28 358
./good4/good305.jpg 4 139 276 32 444 434 272 28 448 731 291 26 429 1018 293 28 358
./good4/good6.jpg 4 139 276 32 444 434 272 28 448 731 291 26 429 1018 293 28 358
./good4/good177.jpg 4 139 276 32 444 434 272 28 448 731 291 26 429 1018 293 28 358
./good4/good244.jpg 4 139 276 32 444 434 272 28 448 731 291 26 429 1018 293 28 358
./good4/good247.jpg 4 139 276 32 444 434 272 28 448 731 291 26 429 1018 293 28 358
./good4/good203.jpg 4 139 276 32 444 434 272 28 448 731 291 26 429 1018 293 28 358
./good4/good16.jpg 4 139 276 32 444 434 272 28 448 731 291 26 429 1018 293 28 358
./good4/good284.jpg 4 139 276 32 444 434 272 28 448 731 291 26 429 1018 293 28 358
./good4/good89.jpg 4 139 276 32 444 434 272 28 448 731 291 26 429 1018 293 28 358
./good4/good278.jpg 4 139 276 32 444 434 272 28 448 731 291 26 429 1018 293 28 358
./good4/good171.jpg 4 139 276 32 444 434 272 28 448 731 291 26 429 1018 293 28 358
./good4/good326.jpg 4 139 276 32 444 434 272 28 448 731 291 26 429 1018 293 28 358
./good4/good123.jpg 4 139 276 32 444 434 272 28 448 731 291 26 429 1018 293 28 358
./good4/good52.jpg 4 139 276 32 444 434 272 28 448 731 291 26 429 1018 293 28 358
./good4/good296.jpg 4 139 276 32 444 434 272 28 448 731 291 26 429 1018 293 28 358
./good4/good133.jpg 4 139 276 32 444 434 272 28 448 731 291 26 429 1018 293 28 358
./good4/good20.jpg 4 139 276 32 444 434 272 28 448 731 291 26 429 1018 293 28 358
./good4/good68.jpg 4 139 276 32 444 434 272 28 448 731 291 26 429 1018 293 28 358
./good4/good173.jpg 4 139 276 32 444 434 272 28 448 731 291 26 429 1018 293 28 358
./good4/good1.jpg 4 139 276 32 444 434 272 28 448 731 291 26 429 1018 293 28 358
./good4/good106.jpg 2 139 276 32 444 1018 293 28 358
./good4/good298.jpg 4 139 276 32 444 434 272 28 448 731 291 26 429 1018 293 28 358
./good4/good91.jpg 4 139 276 32 444 434 272 28 448 731 291 26 429 1018 293 28 358
./good4/good242.jpg 4 139 276 32 444 434 272 28 448 731 291 26 429 1018 293 28 358
./good4/good256.jpg 4 139 276 32 444 434 272 28 448 731 291 26 429 1018 293 28 358
./good4/good162.jpg 4 139 276 32 444 434 272 28 448 731 291 26 429 1018 293 28 358
./good4/good226.jpg 4 139 276 32 444 434 272 28 448 731 291 26 429 1018 293 28 358
./good4/good78.jpg 4 139 276 32 444 434 272 28 448 731 291 26 429 1018 293 28 358
./good4/good172.jpg 4 139 276 32 444 434 272 28 448 731 291 26 429 1018 293 28 358
./good4/good32.jpg 4 139 276 32 444 434 272 28 448 731 291 26 429 1018 293 28 358
./good4/good51.jpg 4 139 276 32 444 434 272 28 448 731 291 26 429 1018 293 28 358
./good4/good182.jpg 4 139 276 32 444 434 272 28 448 731 291 26 429 1018 293 28 358
./good4/good85.jpg 4 139 276 32 444 434 272 28 448 731 291 26 429 1018 293 28 358
./good4/good10.jpg 4 139 276 32 444 434 272 28 448 731 291 26 429 1018 293 28 358
./good4/good317.jpg 4 139 276 32 444 434 272 28 448 731 291 26 429 1018 293 28 358
./good4/good320.jpg 4 139 276 32 444 434 272 28 448 731 291 26 429 1018 293 28 358
./good4/good241.jpg 4 139 276 32 444 434 272 28 448 731 291 26 429 1018 293 28 358
./good4/good219.jpg 4 139 276 32 444 434 272 28 448 731 291 26 429 1018 293 28 358
./good4/good11.jpg 4 139 276 32 444 434 272 28 448 731 291 26 429 1018 293 28 358
./good4/good208.jpg 4 139 276 32 444 434 272 28 448 731 291 26 429 1018 293 28 358
./good4/good268.jpg 4 139 276 32 444 434 272 28 448 731 291 26 429 1018 293 28 358
./good4/good178.jpg 4 139 276 32 444 434 272 28 448 731 291 26 429 1018 293 28 358
./good4/good299.jpg 4 139 276 32 444 434 272 28 448 731 291 26 429 1018 293 28 358
./good4/good103.jpg 4 139 276 32 444 434 272 28 448 731 291 26 429 1018 293 28 358
./good4/good119.jpg 4 139 276 32 444 434 272 28 448 731 291 26 429 1018 293 28 358
./good4/good44.jpg 4 139 276 32 444 434 272 28 448 731 291 26 429 1018 293 28 358
./good4/good239.jpg 4 139 276 32 444 434 272 28 448 731 291 26 429 1018 293 28 358
./good4/good12.jpg 4 139 276 32 444 434 272 28 448 731 291 26 429 1018 293 28 358
./good4/good159.jpg 4 139 276 32 444 434 272 28 448 731 291 26 429 1018 293 28 358
./good4/good67.jpg 4 139 276 32 444 434 272 28 448 731 291 26 429 1018 293 28 358
./good4/good62.jpg 4 139 276 32 444 434 272 28 448 731 291 26 429 1018 293 28 358
./good4/good126.jpg 4 139 276 32 444 434 272 28 448 731 291 26 429 1018 293 28 358
./good4/good194.jpg 4 139 276 32 444 434 272 28 448 731 291 26 429 1018 293 28 358
./good4/good28.jpg 4 139 276 32 444 434 272 28 448 731 291 26 429 1018 293 28 358
./good4/good111.jpg 4 139 276 32 444 434 272 28 448 731 291 26 429 1018 293 28 358
./good4/good283.jpg 4 139 276 32 444 434 272 28 448 731 291 26 429 1018 293 28 358
./good4/good139.jpg 4 139 276 32 444 434 272 28 448 731 291 26 429 1018 293 28 358
./good4/good30.jpg 4 139 276 32 444 434 272 28 448 731 291 26 429 1018 293 28 358
./good4/good79.jpg 4 139 276 32 444 434 272 28 448 731 291 26 429 1018 293 28 358
./good4/good191.jpg 4 139 276 32 444 434 272 28 448 731 291 26 429 1018 293 28 358
./good4/good266.jpg 4 139 276 32 444 434 272 28 448 731 291 26 429 1018 293 28 358
./good4/good137.jpg 4 139 276 32 444 434 272 28 448 731 291 26 429 1018 293 28 358
./good4/good39.jpg 4 139 276 32 444 434 272 28 448 731 291 26 429 1018 293 28 358
./good4/good297.jpg 4 139 276 32 444 434 272 28 448 731 291 26 429 1018 293 28 358
./good4/good199.jpg 4 139 276 32 444 434 272 28 448 731 291 26 429 1018 293 28 358
./good4/good254.jpg 4 139 276 32 444 434 272 28 448 731 291 26 429 1018 293 28 358
./good4/good59.jpg 4 139 276 32 444 434 272 28 448 731 291 26 429 1018 293 28 358
./good4/good189.jpg 4 139 276 32 444 434 272 28 448 731 291 26 429 1018 293 28 358
./good4/good131.jpg 4 139 276 32 444 434 272 28 448 731 291 26 429 1018 293 28 358
./good4/good179.jpg 4 139 276 32 444 434 272 28 448 731 291 26 429 1018 293 28 358
./good4/good82.jpg 4 139 276 32 444 434 272 28 448 731 291 26 429 1018 293 28 358
./good4/good14.jpg 4 139 276 32 444 434 272 28 448 731 291 26 429 1018 293 28 358
./good4/good122.jpg 4 139 276 32 444 434 272 28 448 731 291 26 429 1018 293 28 358
./good4/good255.jpg 4 139 276 32 444 434 272 28 448 731 291 26 429 1018 293 28 358
./good4/good224.jpg 4 139 276 32 444 434 272 28 448 731 291 26 429 1018 293 28 358
./good4/good47.jpg 4 139 276 32 444 434 272 28 448 731 291 26 429 1018 293 28 358
./good4/good198.jpg 4 139 276 32 444 434 272 28 448 731 291 26 429 1018 293 28 358
./good4/good17.jpg 4 139 276 32 444 434 272 28 448 731 291 26 429 1018 293 28 358
./good4/good142.jpg 4 139 276 32 444 434 272 28 448 731 291 26 429 1018 293 28 358
./good4/good117.jpg 4 139 276 32 444 434 272 28 448 731 291 26 429 1018 293 28 358
./good4/good248.jpg 4 139 276 32 444 434 272 28 448 731 291 26 429 1018 293 28 358
./good4/good141.jpg 4 139 276 32 444 434 272 28 448 731 291 26 429 1018 293 28 358
./good4/good280.jpg 4 139 276 32 444 434 272 28 448 731 291 26 429 1018 293 28 358
./good4/good273.jpg 4 139 276 32 444 434 272 28 448 731 291 26 429 1018 293 28 358
./good4/good81.jpg 4 139 276 32 444 434 272 28 448 731 291 26 429 1018 293 28 358
./good4/good99.jpg 4 139 276 32 444 434 272 28 448 731 291 26 429 1018 293 28 358
./good4/good216.jpg 4 139 276 32 444 434 272 28 448 731 291 26 429 1018 293 28 358
./good4/good65.jpg 4 139 276 32 444 434 272 28 448 731 291 26 429 1018 293 28 358
./good4/good36.jpg 4 139 276 32 444 434 272 28 448 731 291 26 429 1018 293 28 358
./good4/good175.jpg 4 139 276 32 444 434 272 28 448 731 291 26 429 1018 293 28 358
./good4/good270.jpg 4 139 276 32 444 434 272 28 448 731 291 26 429 1018 293 28 358
./good4/good105.jpg 2 731 291 26 429 1018 293 28 358
./good4/good19.jpg 4 139 276 32 444 434 272 28 448 731 291 26 429 1018 293 28 358
./good4/good53.jpg 4 139 276 32 444 434 272 28 448 731 291 26 429 1018 293 28 358
./good4/good292.jpg 4 139 276 32 444 434 272 28 448 731 291 26 429 1018 293 28 358
./good4/good163.jpg 4 139 276 32 444 434 272 28 448 731 291 26 429 1018 293 28 358
./good4/good192.jpg 4 139 276 32 444 434 272 28 448 731 291 26 429 1018 293 28 358
./good4/good228.jpg 4 139 276 32 444 434 272 28 448 731 291 26 429 1018 293 28 358
./good4/good80.jpg 4 139 276 32 444 434 272 28 448 731 291 26 429 1018 293 28 358
./good4/good4.jpg 4 139 276 32 444 434 272 28 448 731 291 26 429 1018 293 28 358
./good4/good174.jpg 4 139 276 32 444 434 272 28 448 731 291 26 429 1018 293 28 358
./good4/good18.jpg 4 139 276 32 444 434 272 28 448 731 291 26 429 1018 293 28 358
./good4/good33.jpg 4 139 276 32 444 434 272 28 448 731 291 26 429 1018 293 28 358
./good4/good314.jpg 4 139 276 32 444 434 272 28 448 731 291 26 429 1018 293 28 358
./good4/good277.jpg 4 139 276 32 444 434 272 28 448 731 291 26 429 1018 293 28 358
./good4/good87.jpg 4 139 276 32 444 434 272 28 448 731 291 26 429 1018 293 28 358
./good4/good63.jpg 4 139 276 32 444 434 272 28 448 731 291 26 429 1018 293 28 358
./good4/good160.jpg 4 139 276 32 444 434 272 28 448 731 291 26 429 1018 293 28 358
./good4/good264.jpg 4 139 276 32 444 434 272 28 448 731 291 26 429 1018 293 28 358
./good4/good146.jpg 4 139 276 32 444 434 272 28 448 731 291 26 429 1018 293 28 358
./good4/good304.jpg 4 139 276 32 444 434 272 28 448 731 291 26 429 1018 293 28 358
./good4/good108.jpg 2 139 276 32 444 731 291 26 429
./good4/good313.jpg 4 139 276 32 444 434 272 28 448 731 291 26 429 1018 293 28 358
./good4/good327.jpg 4 139 276 32 444 434 272 28 448 731 291 26 429 1018 293 28 358
./good4/good153.jpg 4 139 276 32 444 434 272 28 448 731 291 26 429 1018 293 28 358
./good4/good96.jpg 4 139 276 32 444 434 272 28 448 731 291 26 429 1018 293 28 358
./good4/good71.jpg 4 139 276 32 444 434 272 28 448 731 291 26 429 1018 293 28 358
./good4/good253.jpg 4 139 276 32 444 434 272 28 448 731 291 26 429 1018 293 28 358
./good4/good83.jpg 4 139 276 32 444 434 272 28 448 731 291 26 429 1018 293 28 358
./good4/good25.jpg 4 139 276 32 444 434 272 28 448 731 291 26 429 1018 293 28 358
./good4/good223.jpg 4 139 276 32 444 434 272 28 448 731 291 26 429 1018 293 28 358
./good4/good236.jpg 4 139 276 32 444 434 272 28 448 731 291 26 429 1018 293 28 358
./good4/good263.jpg 4 139 276 32 444 434 272 28 448 731 291 26 429 1018 293 28 358
./good4/good274.jpg 4 139 276 32 444 434 272 28 448 731 291 26 429 1018 293 28 358
./good4/good324.jpg 4 139 276 32 444 434 272 28 448 731 291 26 429 1018 293 28 358
./good4/good293.jpg 4 139 276 32 444 434 272 28 448 731 291 26 429 1018 293 28 358
./good4/good318.jpg 4 139 276 32 444 434 272 28 448 731 291 26 429 1018 293 28 358
